   0.0000000e+00   1.2932094e+01   1.3999820e+01   1.0341541e+01   6.8044868e+00   8.2318937e+00   8.3053640e+00   6.8352072e+00   1.1288010e+01   8.8117308e+00   5.4268676e+00   0.0000000e+00   9.5416198e+00   9.0935086e+00   5.7236469e+00   0.0000000e+00   0.0000000e+00   0.0000000e+00   0.0000000e+00   0.0000000e+00   5.0042586e+00   7.2534407e+00   6.7624277e+00   1.3038336e+01   6.8297390e+00   6.7966632e+00   1.0591469e+01   6.6547521e+00   5.9837067e+00   6.6673635e+00   7.0117496e+00   5.6157334e+00   8.8276596e+00   5.6710027e+00   7.6417988e+00   4.9267751e+00   0.0000000e+00   0.0000000e+00   0.0000000e+00   0.0000000e+00   0.0000000e+00   5.4385535e+00   0.0000000e+00   5.5452168e+00
   1.2932094e+01   0.0000000e+00   9.0866000e+00   1.8384243e+01   1.1176512e+01   7.4654890e+00   1.4332857e+01   9.9310861e+00   1.0962220e+01   1.0166913e+01   7.5593676e+00   0.0000000e+00   5.1772407e+00   7.8156063e+00   9.2841201e+00   0.0000000e+00   0.0000000e+00   0.0000000e+00   5.4440711e+00   4.5128044e+00   8.2945243e+00   6.0304047e+00   8.5176761e+00   6.6095141e+00   1.0518513e+01   6.6966247e+00   6.5124664e+00   6.5436087e+00   5.4779993e+00   4.7170146e+00   7.4190182e+00   5.6968541e+00   5.4411710e+00   6.9632281e+00   7.6320974e+00   5.7730072e+00   0.0000000e+00   5.5571724e+00   0.0000000e+00   0.0000000e+00   4.6989587e+00   1.1415466e+01   0.0000000e+00   6.0880748e+00
   1.3999820e+01   9.0866000e+00   0.0000000e+00   9.9246941e+00   7.2992752e+00   8.3691812e+00   8.0323174e+00   6.6548161e+00   8.9300601e+00   7.8618302e+00   5.0889306e+00   0.0000000e+00   8.6275118e+00   6.9858241e+00   4.6937744e+00   0.0000000e+00   0.0000000e+00   0.0000000e+00   4.3587523e+00   4.4601205e+00   4.8753919e+00   7.7219587e+00   6.6551002e+00   9.4951074e+00   7.3834248e+00   6.6260317e+00   1.3282607e+01   6.6580011e+00   5.0603422e+00   5.9159284e+00   6.6203864e+00   5.5457583e+00   6.2209734e+00   5.0027861e+00   5.9862979e+00   6.6861307e+00   0.0000000e+00   0.0000000e+00   4.5985990e+00   0.0000000e+00   4.3830955e+00   5.8717743e+00   5.1083513e+00   6.8787229e+00
   1.0341541e+01   1.8384243e+01   9.9246941e+00   0.0000000e+00   8.8053548e+00   8.4411251e+00   1.4516033e+01   1.0211477e+01   1.0419061e+01   1.1241986e+01   8.0444902e+00   0.0000000e+00   5.2855332e+00   6.5956572e+00   7.1571190e+00   0.0000000e+00   0.0000000e+00   0.0000000e+00   0.0000000e+00   0.0000000e+00   6.7402673e+00   6.7239881e+00   7.0949576e+00   8.2308507e+00   1.0397764e+01   7.0821419e+00   8.6141920e+00   7.2074534e+00   5.9205735e+00   5.3069495e+00   8.2337108e+00   5.9884354e+00   6.1098305e+00   6.3207288e+00   6.6014642e+00   5.1875791e+00   0.0000000e+00   0.0000000e+00   0.0000000e+00   0.0000000e+00   0.0000000e+00   9.2524211e+00   0.0000000e+00   6.3536244e+00
   6.8044868e+00   1.1176512e+01   7.2992752e+00   8.8053548e+00   0.0000000e+00   6.2571943e+00   7.9627397e+00   7.7100947e+00   8.4685031e+00   1.0175774e+01   8.0269467e+00   0.0000000e+00   4.4023813e+00   6.5967604e+00   6.8666707e+00   0.0000000e+00   0.0000000e+00   4.8625366e+00   5.2624302e+00   0.0000000e+00   8.1396020e+00   4.4369139e+00   6.2612408e+00   6.9181968e+00   6.6791644e+00   6.0163700e+00   5.1238065e+00   6.0564010e+00   4.5935998e+00   0.0000000e+00   6.5727829e+00   5.6987889e+00   0.0000000e+00   6.6209483e+00   7.1363707e+00   0.0000000e+00   0.0000000e+00   4.6560857e+00   0.0000000e+00   0.0000000e+00   0.0000000e+00   8.2089269e+00   0.0000000e+00   4.7580696e+00
   8.2318937e+00   7.4654890e+00   8.3691812e+00   8.4411251e+00   6.2571943e+00   0.0000000e+00   6.7715797e+00   6.2790501e+00   1.1907613e+01   6.3022936e+00   6.3271055e+00   0.0000000e+00   9.0066541e+00   6.5428464e+00   4.5270027e+00   0.0000000e+00   4.8896369e+00   0.0000000e+00   6.4468466e+00   4.9933615e+00   0.0000000e+00   8.7671798e+00   6.5195709e+00   9.8834423e+00   7.0960057e+00   6.3806175e+00   1.3204732e+01   5.5693428e+00   5.4386823e+00   1.3484535e+01   5.5198708e+00   5.3976411e+00   6.5043152e+00   6.3159623e+00   7.6489843e+00   7.5832425e+00   0.0000000e+00   0.0000000e+00   4.9664746e+00   0.0000000e+00   5.8073946e+00   5.3008768e+00   6.7275013e+00   7.5769921e+00
   8.3053640e+00   1.4332857e+01   8.0323174e+00   1.4516033e+01   7.9627397e+00   6.7715797e+00   0.0000000e+00   7.9394330e+00   9.9180027e+00   2.4502949e+01   7.3730188e+00   0.0000000e+00   0.0000000e+00   9.5103618e+00   6.3749674e+00   0.0000000e+00   0.0000000e+00   0.0000000e+00   0.0000000e+00   0.0000000e+00   5.3255547e+00   6.1175674e+00   9.0798271e+00   7.7833275e+00   1.0643295e+01   7.3633658e+00   8.8497500e+00   8.8006839e+00   7.7858658e+00   5.4689142e+00   7.4603611e+00   7.7427357e+00   7.1597498e+00   6.7370815e+00   7.7232419e+00   0.0000000e+00   0.0000000e+00   0.0000000e+00   0.0000000e+00   0.0000000e+00   0.0000000e+00   7.6043352e+00   0.0000000e+00   5.1118808e+00
   6.8352072e+00   9.9310861e+00   6.6548161e+00   1.0211477e+01   7.7100947e+00   6.2790501e+00   7.9394330e+00   0.0000000e+00   6.7828044e+00   8.3624890e+00   6.8038210e+00   0.0000000e+00   0.0000000e+00   9.0119003e+00   6.2881908e+00   0.0000000e+00   0.0000000e+00   0.0000000e+00   4.4363842e+00   0.0000000e+00   5.9582417e+00   5.2259321e+00   6.9048086e+00   6.6814057e+00   6.4182145e+00   6.6225989e+00   5.7633618e+00   7.5207123e+00   6.1928041e+00   4.6564003e+00   6.5695120e+00   6.3624369e+00   5.0813356e+00   5.5899256e+00   6.9692589e+00   0.0000000e+00   0.0000000e+00   0.0000000e+00   0.0000000e+00   0.0000000e+00   0.0000000e+00   7.5114809e+00   0.0000000e+00   5.8346701e+00
   1.1288010e+01   1.0962220e+01   8.9300601e+00   1.0419061e+01   8.4685031e+00   1.1907613e+01   9.9180027e+00   6.7828044e+00   0.0000000e+00   1.4630189e+01   7.2744317e+00   0.0000000e+00   6.0308340e+00   1.0018610e+01   6.9677273e+00   0.0000000e+00   0.0000000e+00   0.0000000e+00   4.7346136e+00   5.2319021e+00   4.6996209e+00   1.3954736e+01   8.3407632e+00   7.7381449e+00   9.3988370e+00   6.6347407e+00   1.1822661e+01   8.3907518e+00   9.9132399e+00   7.8859891e+00   7.8007331e+00   1.0337744e+01   9.6944554e+00   6.9924612e+00   7.2751336e+00   5.5352867e+00   0.0000000e+00   4.4250972e+00   0.0000000e+00   0.0000000e+00   4.8601506e+00   7.7505944e+00   6.5767311e+00   9.7732750e+00
   8.8117308e+00   1.0166913e+01   7.8618302e+00   1.1241986e+01   1.0175774e+01   6.3022936e+00   2.4502949e+01   8.3624890e+00   1.4630189e+01   0.0000000e+00   8.7121558e+00   0.0000000e+00   0.0000000e+00   8.1508954e+00   6.4072471e+00   0.0000000e+00   0.0000000e+00   0.0000000e+00   0.0000000e+00   0.0000000e+00   8.1597714e+00   6.5390023e+00   9.6809388e+00   8.0239822e+00   1.1370752e+01   7.7861417e+00   6.8816250e+00   8.8721683e+00   8.5473247e+00   5.8723905e+00   9.7979940e+00   8.7447359e+00   7.4537168e+00   6.4571158e+00   7.3766151e+00   0.0000000e+00   0.0000000e+00   4.5266926e+00   0.0000000e+00   0.0000000e+00   0.0000000e+00   1.1441999e+01   0.0000000e+00   7.7520553e+00
   5.4268676e+00   7.5593676e+00   5.0889306e+00   8.0444902e+00   8.0269467e+00   6.3271055e+00   7.3730188e+00   6.8038210e+00   7.2744317e+00   8.7121558e+00   0.0000000e+00   0.0000000e+00   0.0000000e+00   7.9070169e+00   5.2712554e+00   0.0000000e+00   0.0000000e+00   0.0000000e+00   0.0000000e+00   0.0000000e+00   7.3044081e+00   4.8476370e+00   6.9119588e+00   6.3474490e+00   7.4723588e+00   9.3365723e+00   5.7785935e+00   7.5940719e+00   7.1645733e+00   6.3106039e+00   7.8600894e+00   8.8695403e+00   7.2182822e+00   5.5255240e+00   7.2205154e+00   0.0000000e+00   0.0000000e+00   0.0000000e+00   0.0000000e+00   0.0000000e+00   0.0000000e+00   1.1311624e+01   0.0000000e+00   7.8661853e+00
   0.0000000e+00   0.0000000e+00   0.0000000e+00   0.0000000e+00   0.0000000e+00   0.0000000e+00   0.0000000e+00   0.0000000e+00   0.0000000e+00   0.0000000e+00   0.0000000e+00   0.0000000e+00   0.0000000e+00   0.0000000e+00   0.0000000e+00   1.4189414e+01   5.8896256e+00   0.0000000e+00   7.0969140e+00   8.1274406e+00   0.0000000e+00   0.0000000e+00   0.0000000e+00   0.0000000e+00   0.0000000e+00   0.0000000e+00   0.0000000e+00   0.0000000e+00   0.0000000e+00   0.0000000e+00   0.0000000e+00   0.0000000e+00   0.0000000e+00   0.0000000e+00   0.0000000e+00   0.0000000e+00   1.2167998e+01   0.0000000e+00   5.6764280e+00   9.2079863e+00   7.3599276e+00   0.0000000e+00   5.1465855e+00   0.0000000e+00
   9.5416198e+00   5.1772407e+00   8.6275118e+00   5.2855332e+00   4.4023813e+00   9.0066541e+00   0.0000000e+00   0.0000000e+00   6.0308340e+00   0.0000000e+00   0.0000000e+00   0.0000000e+00   0.0000000e+00   4.6681524e+00   0.0000000e+00   5.2008851e+00   5.3221304e+00   0.0000000e+00   6.7040541e+00   7.1340700e+00   0.0000000e+00   6.6781519e+00   0.0000000e+00   5.2755534e+00   0.0000000e+00   0.0000000e+00   8.1678863e+00   0.0000000e+00   0.0000000e+00   6.4654954e+00   0.0000000e+00   0.0000000e+00   0.0000000e+00   0.0000000e+00   0.0000000e+00   7.5465282e+00   0.0000000e+00   0.0000000e+00   6.7478057e+00   4.3856960e+00   6.5145444e+00   0.0000000e+00   7.2584681e+00   7.0323663e+00
   9.0935086e+00   7.8156063e+00   6.9858241e+00   6.5956572e+00   6.5967604e+00   6.5428464e+00   9.5103618e+00   9.0119003e+00   1.0018610e+01   8.1508954e+00   7.9070169e+00   0.0000000e+00   4.6681524e+00   0.0000000e+00   7.5826769e+00   0.0000000e+00   0.0000000e+00   0.0000000e+00   0.0000000e+00   4.7549185e+00   5.1368357e+00   6.3931263e+00   6.3284698e+00   8.5960042e+00   7.3534868e+00   7.6005390e+00   8.1560970e+00   6.8502515e+00   8.4965174e+00   5.5020843e+00   9.7808188e+00   7.6514003e+00   9.0501983e+00   5.6240036e+00   8.4072452e+00   4.5865627e+00   0.0000000e+00   0.0000000e+00   0.0000000e+00   0.0000000e+00   0.0000000e+00   7.8864948e+00   0.0000000e+00   6.7139613e+00
   5.7236469e+00   9.2841201e+00   4.6937744e+00   7.1571190e+00   6.8666707e+00   4.5270027e+00   6.3749674e+00   6.2881908e+00   6.9677273e+00   6.4072471e+00   5.2712554e+00   0.0000000e+00   0.0000000e+00   7.5826769e+00   0.0000000e+00   0.0000000e+00   0.0000000e+00   4.3934988e+00   0.0000000e+00   0.0000000e+00   6.9442797e+00   0.0000000e+00   6.8641066e+00   4.6039955e+00   6.1236863e+00   5.5363853e+00   0.0000000e+00   5.4845044e+00   4.9286510e+00   0.0000000e+00   5.7264676e+00   5.4460274e+00   5.4614900e+00   6.2300277e+00   5.2743493e+00   0.0000000e+00   0.0000000e+00   5.5630878e+00   0.0000000e+00   0.0000000e+00   0.0000000e+00   7.8681911e+00   0.0000000e+00   4.9036422e+00
   0.0000000e+00   0.0000000e+00   0.0000000e+00   0.0000000e+00   0.0000000e+00   0.0000000e+00   0.0000000e+00   0.0000000e+00   0.0000000e+00   0.0000000e+00   0.0000000e+00   1.4189414e+01   5.2008851e+00   0.0000000e+00   0.0000000e+00   0.0000000e+00   8.3235557e+00   0.0000000e+00   8.9374668e+00   1.0501972e+01   0.0000000e+00   0.0000000e+00   0.0000000e+00   0.0000000e+00   0.0000000e+00   0.0000000e+00   0.0000000e+00   0.0000000e+00   0.0000000e+00   0.0000000e+00   0.0000000e+00   0.0000000e+00   0.0000000e+00   0.0000000e+00   0.0000000e+00   4.3613085e+00   1.0765621e+01   0.0000000e+00   6.1369727e+00   1.3057738e+01   7.2973857e+00   0.0000000e+00   6.7325999e+00   0.0000000e+00
   0.0000000e+00   0.0000000e+00   0.0000000e+00   0.0000000e+00   0.0000000e+00   4.8896369e+00   0.0000000e+00   0.0000000e+00   0.0000000e+00   0.0000000e+00   0.0000000e+00   5.8896256e+00   5.3221304e+00   0.0000000e+00   0.0000000e+00   8.3235557e+00   0.0000000e+00   0.0000000e+00   1.3978170e+01   1.1024234e+01   0.0000000e+00   5.0488213e+00   0.0000000e+00   0.0000000e+00   0.0000000e+00   0.0000000e+00   6.7892266e+00   0.0000000e+00   0.0000000e+00   5.4034840e+00   0.0000000e+00   0.0000000e+00   0.0000000e+00   0.0000000e+00   0.0000000e+00   1.0039740e+01   4.9641428e+00   0.0000000e+00   6.6046353e+00   5.7047860e+00   7.5994276e+00   0.0000000e+00   8.9766490e+00   4.6240533e+00
   0.0000000e+00   0.0000000e+00   0.0000000e+00   0.0000000e+00   4.8625366e+00   0.0000000e+00   0.0000000e+00   0.0000000e+00   0.0000000e+00   0.0000000e+00   0.0000000e+00   0.0000000e+00   0.0000000e+00   0.0000000e+00   4.3934988e+00   0.0000000e+00   0.0000000e+00   0.0000000e+00   4.5463861e+00   0.0000000e+00   1.1179421e+01   0.0000000e+00   0.0000000e+00   0.0000000e+00   4.3440923e+00   0.0000000e+00   0.0000000e+00   0.0000000e+00   0.0000000e+00   0.0000000e+00   0.0000000e+00   0.0000000e+00   0.0000000e+00   5.2911030e+00   0.0000000e+00   0.0000000e+00   0.0000000e+00   5.8591273e+00   0.0000000e+00   0.0000000e+00   0.0000000e+00   5.9429860e+00   0.0000000e+00   0.0000000e+00
   0.0000000e+00   5.4440711e+00   4.3587523e+00   0.0000000e+00   5.2624302e+00   6.4468466e+00   0.0000000e+00   4.4363842e+00   4.7346136e+00   0.0000000e+00   0.0000000e+00   7.0969140e+00   6.7040541e+00   0.0000000e+00   0.0000000e+00   8.9374668e+00   1.3978170e+01   4.5463861e+00   0.0000000e+00   8.8708288e+00   0.0000000e+00   6.4822064e+00   0.0000000e+00   0.0000000e+00   0.0000000e+00   0.0000000e+00   6.0230462e+00   0.0000000e+00   0.0000000e+00   7.0023681e+00   0.0000000e+00   0.0000000e+00   0.0000000e+00   0.0000000e+00   0.0000000e+00   7.4722863e+00   0.0000000e+00   4.5783002e+00   5.0453352e+00   5.1924144e+00   9.5615069e+00   0.0000000e+00   8.5513982e+00   5.9332187e+00
   0.0000000e+00   4.5128044e+00   4.4601205e+00   0.0000000e+00   0.0000000e+00   4.9933615e+00   0.0000000e+00   0.0000000e+00   5.2319021e+00   0.0000000e+00   0.0000000e+00   8.1274406e+00   7.1340700e+00   4.7549185e+00   0.0000000e+00   1.0501972e+01   1.1024234e+01   0.0000000e+00   8.8708288e+00   0.0000000e+00   0.0000000e+00   6.5595627e+00   0.0000000e+00   4.4259592e+00   0.0000000e+00   0.0000000e+00   5.8753327e+00   0.0000000e+00   0.0000000e+00   7.5726065e+00   0.0000000e+00   0.0000000e+00   4.8238132e+00   0.0000000e+00   0.0000000e+00   9.9375896e+00   5.9456886e+00   0.0000000e+00   6.6898308e+00   6.1404462e+00   9.8952617e+00   0.0000000e+00   8.7445631e+00   5.2084182e+00
   5.0042586e+00   8.2945243e+00   4.8753919e+00   6.7402673e+00   8.1396020e+00   0.0000000e+00   5.3255547e+00   5.9582417e+00   4.6996209e+00   8.1597714e+00   7.3044081e+00   0.0000000e+00   0.0000000e+00   5.1368357e+00   6.9442797e+00   0.0000000e+00   0.0000000e+00   1.1179421e+01   0.0000000e+00   0.0000000e+00   0.0000000e+00   0.0000000e+00   4.7111934e+00   0.0000000e+00   5.1935669e+00   5.8683393e+00   0.0000000e+00   5.5171414e+00   0.0000000e+00   0.0000000e+00   6.5888962e+00   4.9881304e+00   0.0000000e+00   6.2215061e+00   0.0000000e+00   0.0000000e+00   0.0000000e+00   6.1004704e+00   0.0000000e+00   0.0000000e+00   0.0000000e+00   8.1020932e+00   0.0000000e+00   0.0000000e+00
   7.2534407e+00   6.0304047e+00   7.7219587e+00   6.7239881e+00   4.4369139e+00   8.7671798e+00   6.1175674e+00   5.2259321e+00   1.3954736e+01   6.5390023e+00   4.8476370e+00   0.0000000e+00   6.6781519e+00   6.3931263e+00   0.0000000e+00   0.0000000e+00   5.0488213e+00   0.0000000e+00   6.4822064e+00   6.5595627e+00   0.0000000e+00   0.0000000e+00   4.3536429e+00   9.7689180e+00   4.4489934e+00   5.6910897e+00   9.6935048e+00   4.4142912e+00   6.0883837e+00   1.1043501e+01   5.3136178e+00   6.0900349e+00   8.5966931e+00   4.5274022e+00   6.2973806e+00   5.7216914e+00   0.0000000e+00   0.0000000e+00   5.3155184e+00   0.0000000e+00   6.2774841e+00   4.7392227e+00   5.8103665e+00   7.8353726e+00
   6.7624277e+00   8.5176761e+00   6.6551002e+00   7.0949576e+00   6.2612408e+00   6.5195709e+00   9.0798271e+00   6.9048086e+00   8.3407632e+00   9.6809388e+00   6.9119588e+00   0.0000000e+00   0.0000000e+00   6.3284698e+00   6.8641066e+00   0.0000000e+00   0.0000000e+00   0.0000000e+00   0.0000000e+00   0.0000000e+00   4.7111934e+00   4.3536429e+00   0.0000000e+00   7.0225545e+00   1.0009037e+01   7.5585906e+00   5.8527043e+00   8.1008474e+00   5.5409671e+00   5.2546131e+00   7.1923444e+00   6.1252717e+00   5.5117566e+00   8.1526776e+00   1.0571145e+01   0.0000000e+00   0.0000000e+00   4.4252277e+00   0.0000000e+00   0.0000000e+00   0.0000000e+00   7.7297730e+00   0.0000000e+00   5.7418124e+00
   1.3038336e+01   6.6095141e+00   9.4951074e+00   8.2308507e+00   6.9181968e+00   9.8834423e+00   7.7833275e+00   6.6814057e+00   7.7381449e+00   8.0239822e+00   6.3474490e+00   0.0000000e+00   5.2755534e+00   8.5960042e+00   4.6039955e+00   0.0000000e+00   0.0000000e+00   0.0000000e+00   0.0000000e+00   4.4259592e+00   0.0000000e+00   9.7689180e+00   7.0225545e+00   0.0000000e+00   6.8914678e+00   1.1031284e+01   1.9363163e+01   8.1306562e+00   9.9287685e+00   6.9796790e+00   9.1914729e+00   7.7844984e+00   9.2177794e+00   4.5264422e+00   6.9112711e+00   6.2520091e+00   0.0000000e+00   0.0000000e+00   0.0000000e+00   0.0000000e+00   0.0000000e+00   8.1859952e+00   4.4049704e+00   6.5899621e+00
   6.8297390e+00   1.0518513e+01   7.3834248e+00   1.0397764e+01   6.6791644e+00   7.0960057e+00   1.0643295e+01   6.4182145e+00   9.3988370e+00   1.1370752e+01   7.4723588e+00   0.0000000e+00   0.0000000e+00   7.3534868e+00   6.1236863e+00   0.0000000e+00   0.0000000e+00   4.3440923e+00   0.0000000e+00   0.0000000e+00   5.1935669e+00   4.4489934e+00   1.0009037e+01   6.8914678e+00   0.0000000e+00   7.2382798e+00   5.1553154e+00   8.0636184e+00   4.9133983e+00   4.9131567e+00   7.4794737e+00   6.2768753e+00   4.3631794e+00   8.5594479e+00   1.0986651e+01   0.0000000e+00   0.0000000e+00   6.0934879e+00   0.0000000e+00   0.0000000e+00   0.0000000e+00   1.0978539e+01   0.0000000e+00   4.7264209e+00
   6.7966632e+00   6.6966247e+00   6.6260317e+00   7.0821419e+00   6.0163700e+00   6.3806175e+00   7.3633658e+00   6.6225989e+00   6.6347407e+00   7.7861417e+00   9.3365723e+00   0.0000000e+00   0.0000000e+00   7.6005390e+00   5.5363853e+00   0.0000000e+00   0.0000000e+00   0.0000000e+00   0.0000000e+00   0.0000000e+00   5.8683393e+00   5.6910897e+00   7.5585906e+00   1.1031284e+01   7.2382798e+00   0.0000000e+00   7.5495398e+00   1.6724995e+01   1.2853896e+01   5.4465339e+00   1.5821697e+01   1.2507165e+01   9.6059548e+00   5.0808997e+00   6.4752243e+00   0.0000000e+00   0.0000000e+00   0.0000000e+00   0.0000000e+00   0.0000000e+00   0.0000000e+00   9.5852821e+00   0.0000000e+00   5.5028627e+00
   1.0591469e+01   6.5124664e+00   1.3282607e+01   8.6141920e+00   5.1238065e+00   1.3204732e+01   8.8497500e+00   5.7633618e+00   1.1822661e+01   6.8816250e+00   5.7785935e+00   0.0000000e+00   8.1678863e+00   8.1560970e+00   0.0000000e+00   0.0000000e+00   6.7892266e+00   0.0000000e+00   6.0230462e+00   5.8753327e+00   0.0000000e+00   9.6935048e+00   5.8527043e+00   1.9363163e+01   5.1553154e+00   7.5495398e+00   0.0000000e+00   6.0376908e+00   8.8939365e+00   8.1493689e+00   6.2440591e+00   7.5876329e+00   8.5045124e+00   0.0000000e+00   9.0641712e+00   6.5371613e+00   0.0000000e+00   0.0000000e+00   6.4686179e+00   0.0000000e+00   5.2902706e+00   6.2537168e+00   5.2428644e+00   6.4353858e+00
   6.6547521e+00   6.5436087e+00   6.6580011e+00   7.2074534e+00   6.0564010e+00   5.5693428e+00   8.8006839e+00   7.5207123e+00   8.3907518e+00   8.8721683e+00   7.5940719e+00   0.0000000e+00   0.0000000e+00   6.8502515e+00   5.4845044e+00   0.0000000e+00   0.0000000e+00   0.0000000e+00   0.0000000e+00   0.0000000e+00   5.5171414e+00   4.4142912e+00   8.1008474e+00   8.1306562e+00   8.0636184e+00   1.6724995e+01   6.0376908e+00   0.0000000e+00   8.6800539e+00   5.8091026e+00   1.0701203e+01   9.9958755e+00   6.4442165e+00   6.3584324e+00   6.4139526e+00   0.0000000e+00   0.0000000e+00   0.0000000e+00   0.0000000e+00   0.0000000e+00   0.0000000e+00   1.0247493e+01   0.0000000e+00   5.6155450e+00
   5.9837067e+00   5.4779993e+00   5.0603422e+00   5.9205735e+00   4.5935998e+00   5.4386823e+00   7.7858658e+00   6.1928041e+00   9.9132399e+00   8.5473247e+00   7.1645733e+00   0.0000000e+00   0.0000000e+00   8.4965174e+00   4.9286510e+00   0.0000000e+00   0.0000000e+00   0.0000000e+00   0.0000000e+00   0.0000000e+00   0.0000000e+00   6.0883837e+00   5.5409671e+00   9.9287685e+00   4.9133983e+00   1.2853896e+01   8.8939365e+00   8.6800539e+00   0.0000000e+00   6.4496782e+00   8.1275479e+00   1.7145357e+01   1.2019813e+01   4.7544495e+00   7.7047031e+00   0.0000000e+00   0.0000000e+00   0.0000000e+00   0.0000000e+00   0.0000000e+00   0.0000000e+00   6.2142976e+00   0.0000000e+00   6.8613842e+00
   6.6673635e+00   4.7170146e+00   5.9159284e+00   5.3069495e+00   0.0000000e+00   1.3484535e+01   5.4689142e+00   4.6564003e+00   7.8859891e+00   5.8723905e+00   6.3106039e+00   0.0000000e+00   6.4654954e+00   5.5020843e+00   0.0000000e+00   0.0000000e+00   5.4034840e+00   0.0000000e+00   7.0023681e+00   7.5726065e+00   0.0000000e+00   1.1043501e+01   5.2546131e+00   6.9796790e+00   4.9131567e+00   5.4465339e+00   8.1493689e+00   5.8091026e+00   6.4496782e+00   0.0000000e+00   5.4254283e+00   6.1921102e+00   7.3357837e+00   4.6285545e+00   5.9046263e+00   8.8384038e+00   0.0000000e+00   0.0000000e+00   1.1863767e+01   4.4047587e+00   1.0452315e+01   6.9779387e+00   9.0930808e+00   8.9576034e+00
   7.0117496e+00   7.4190182e+00   6.6203864e+00   8.2337108e+00   6.5727829e+00   5.5198708e+00   7.4603611e+00   6.5695120e+00   7.8007331e+00   9.7979940e+00   7.8600894e+00   0.0000000e+00   0.0000000e+00   9.7808188e+00   5.7264676e+00   0.0000000e+00   0.0000000e+00   0.0000000e+00   0.0000000e+00   0.0000000e+00   6.5888962e+00   5.3136178e+00   7.1923444e+00   9.1914729e+00   7.4794737e+00   1.5821697e+01   6.2440591e+00   1.0701203e+01   8.1275479e+00   5.4254283e+00   0.0000000e+00   9.2825803e+00   7.0629865e+00   6.1694043e+00   6.7960139e+00   0.0000000e+00   0.0000000e+00   0.0000000e+00   0.0000000e+00   0.0000000e+00   0.0000000e+00   9.2669054e+00   0.0000000e+00   5.5485461e+00
   5.6157334e+00   5.6968541e+00   5.5457583e+00   5.9884354e+00   5.6987889e+00   5.3976411e+00   7.7427357e+00   6.3624369e+00   1.0337744e+01   8.7447359e+00   8.8695403e+00   0.0000000e+00   0.0000000e+00   7.6514003e+00   5.4460274e+00   0.0000000e+00   0.0000000e+00   0.0000000e+00   0.0000000e+00   0.0000000e+00   4.9881304e+00   6.0900349e+00   6.1252717e+00   7.7844984e+00   6.2768753e+00   1.2507165e+01   7.5876329e+00   9.9958755e+00   1.7145357e+01   6.1921102e+00   9.2825803e+00   0.0000000e+00   1.2248900e+01   5.2786861e+00   6.5965468e+00   0.0000000e+00   0.0000000e+00   0.0000000e+00   0.0000000e+00   0.0000000e+00   0.0000000e+00   9.2880688e+00   4.8381349e+00   6.8568771e+00
   8.8276596e+00   5.4411710e+00   6.2209734e+00   6.1098305e+00   0.0000000e+00   6.5043152e+00   7.1597498e+00   5.0813356e+00   9.6944554e+00   7.4537168e+00   7.2182822e+00   0.0000000e+00   0.0000000e+00   9.0501983e+00   5.4614900e+00   0.0000000e+00   0.0000000e+00   0.0000000e+00   0.0000000e+00   4.8238132e+00   0.0000000e+00   8.5966931e+00   5.5117566e+00   9.2177794e+00   4.3631794e+00   9.6059548e+00   8.5045124e+00   6.4442165e+00   1.2019813e+01   7.3357837e+00   7.0629865e+00   1.2248900e+01   0.0000000e+00   0.0000000e+00   6.0698621e+00   4.6588632e+00   0.0000000e+00   0.0000000e+00   0.0000000e+00   0.0000000e+00   4.7056182e+00   6.2731770e+00   5.9148107e+00   7.8324248e+00
   5.6710027e+00   6.9632281e+00   5.0027861e+00   6.3207288e+00   6.6209483e+00   6.3159623e+00   6.7370815e+00   5.5899256e+00   6.9924612e+00   6.4571158e+00   5.5255240e+00   0.0000000e+00   0.0000000e+00   5.6240036e+00   6.2300277e+00   0.0000000e+00   0.0000000e+00   5.2911030e+00   0.0000000e+00   0.0000000e+00   6.2215061e+00   4.5274022e+00   8.1526776e+00   4.5264422e+00   8.5594479e+00   5.0808997e+00   0.0000000e+00   6.3584324e+00   4.7544495e+00   4.6285545e+00   6.1694043e+00   5.2786861e+00   0.0000000e+00   0.0000000e+00   7.7582662e+00   0.0000000e+00   0.0000000e+00   8.0879681e+00   0.0000000e+00   0.0000000e+00   0.0000000e+00   1.0464329e+01   0.0000000e+00   4.7273705e+00
   7.6417988e+00   7.6320974e+00   5.9862979e+00   6.6014642e+00   7.1363707e+00   7.6489843e+00   7.7232419e+00   6.9692589e+00   7.2751336e+00   7.3766151e+00   7.2205154e+00   0.0000000e+00   0.0000000e+00   8.4072452e+00   5.2743493e+00   0.0000000e+00   0.0000000e+00   0.0000000e+00   0.0000000e+00   0.0000000e+00   0.0000000e+00   6.2973806e+00   1.0571145e+01   6.9112711e+00   1.0986651e+01   6.4752243e+00   9.0641712e+00   6.4139526e+00   7.7047031e+00   5.9046263e+00   6.7960139e+00   6.5965468e+00   6.0698621e+00   7.7582662e+00   0.0000000e+00   5.2515187e+00   0.0000000e+00   0.0000000e+00   0.0000000e+00   0.0000000e+00   0.0000000e+00   6.7296587e+00   4.4930201e+00   6.4432540e+00
   4.9267751e+00   5.7730072e+00   6.6861307e+00   5.1875791e+00   0.0000000e+00   7.5832425e+00   0.0000000e+00   0.0000000e+00   5.5352867e+00   0.0000000e+00   0.0000000e+00   0.0000000e+00   7.5465282e+00   4.5865627e+00   0.0000000e+00   4.3613085e+00   1.0039740e+01   0.0000000e+00   7.4722863e+00   9.9375896e+00   0.0000000e+00   5.7216914e+00   0.0000000e+00   6.2520091e+00   0.0000000e+00   0.0000000e+00   6.5371613e+00   0.0000000e+00   0.0000000e+00   8.8384038e+00   0.0000000e+00   0.0000000e+00   4.6588632e+00   0.0000000e+00   5.2515187e+00   0.0000000e+00   5.0044938e+00   0.0000000e+00   8.4118744e+00   4.9988955e+00   6.5576441e+00   0.0000000e+00   8.3480244e+00   5.7256494e+00
   0.0000000e+00   0.0000000e+00   0.0000000e+00   0.0000000e+00   0.0000000e+00   0.0000000e+00   0.0000000e+00   0.0000000e+00   0.0000000e+00   0.0000000e+00   0.0000000e+00   1.2167998e+01   0.0000000e+00   0.0000000e+00   0.0000000e+00   1.0765621e+01   4.9641428e+00   0.0000000e+00   0.0000000e+00   5.9456886e+00   0.0000000e+00   0.0000000e+00   0.0000000e+00   0.0000000e+00   0.0000000e+00   0.0000000e+00   0.0000000e+00   0.0000000e+00   0.0000000e+00   0.0000000e+00   0.0000000e+00   0.0000000e+00   0.0000000e+00   0.0000000e+00   0.0000000e+00   5.0044938e+00   0.0000000e+00   0.0000000e+00   5.5377385e+00   1.0574662e+01   6.3866613e+00   0.0000000e+00   6.7027524e+00   0.0000000e+00
   0.0000000e+00   5.5571724e+00   0.0000000e+00   0.0000000e+00   4.6560857e+00   0.0000000e+00   0.0000000e+00   0.0000000e+00   4.4250972e+00   4.5266926e+00   0.0000000e+00   0.0000000e+00   0.0000000e+00   0.0000000e+00   5.5630878e+00   0.0000000e+00   0.0000000e+00   5.8591273e+00   4.5783002e+00   0.0000000e+00   6.1004704e+00   0.0000000e+00   4.4252277e+00   0.0000000e+00   6.0934879e+00   0.0000000e+00   0.0000000e+00   0.0000000e+00   0.0000000e+00   0.0000000e+00   0.0000000e+00   0.0000000e+00   0.0000000e+00   8.0879681e+00   0.0000000e+00   0.0000000e+00   0.0000000e+00   0.0000000e+00   0.0000000e+00   0.0000000e+00   0.0000000e+00   6.7946744e+00   0.0000000e+00   0.0000000e+00
   0.0000000e+00   0.0000000e+00   4.5985990e+00   0.0000000e+00   0.0000000e+00   4.9664746e+00   0.0000000e+00   0.0000000e+00   0.0000000e+00   0.0000000e+00   0.0000000e+00   5.6764280e+00   6.7478057e+00   0.0000000e+00   0.0000000e+00   6.1369727e+00   6.6046353e+00   0.0000000e+00   5.0453352e+00   6.6898308e+00   0.0000000e+00   5.3155184e+00   0.0000000e+00   0.0000000e+00   0.0000000e+00   0.0000000e+00   6.4686179e+00   0.0000000e+00   0.0000000e+00   1.1863767e+01   0.0000000e+00   0.0000000e+00   0.0000000e+00   0.0000000e+00   0.0000000e+00   8.4118744e+00   5.5377385e+00   0.0000000e+00   0.0000000e+00   5.7699590e+00   9.5153115e+00   0.0000000e+00   1.1115856e+01   9.3239357e+00
   0.0000000e+00   0.0000000e+00   0.0000000e+00   0.0000000e+00   0.0000000e+00   0.0000000e+00   0.0000000e+00   0.0000000e+00   0.0000000e+00   0.0000000e+00   0.0000000e+00   9.2079863e+00   4.3856960e+00   0.0000000e+00   0.0000000e+00   1.3057738e+01   5.7047860e+00   0.0000000e+00   5.1924144e+00   6.1404462e+00   0.0000000e+00   0.0000000e+00   0.0000000e+00   0.0000000e+00   0.0000000e+00   0.0000000e+00   0.0000000e+00   0.0000000e+00   0.0000000e+00   4.4047587e+00   0.0000000e+00   0.0000000e+00   0.0000000e+00   0.0000000e+00   0.0000000e+00   4.9988955e+00   1.0574662e+01   0.0000000e+00   5.7699590e+00   0.0000000e+00   6.1208002e+00   0.0000000e+00   8.4617228e+00   5.5177255e+00
   0.0000000e+00   4.6989587e+00   4.3830955e+00   0.0000000e+00   0.0000000e+00   5.8073946e+00   0.0000000e+00   0.0000000e+00   4.8601506e+00   0.0000000e+00   0.0000000e+00   7.3599276e+00   6.5145444e+00   0.0000000e+00   0.0000000e+00   7.2973857e+00   7.5994276e+00   0.0000000e+00   9.5615069e+00   9.8952617e+00   0.0000000e+00   6.2774841e+00   0.0000000e+00   0.0000000e+00   0.0000000e+00   0.0000000e+00   5.2902706e+00   0.0000000e+00   0.0000000e+00   1.0452315e+01   0.0000000e+00   0.0000000e+00   4.7056182e+00   0.0000000e+00   0.0000000e+00   6.5576441e+00   6.3866613e+00   0.0000000e+00   9.5153115e+00   6.1208002e+00   0.0000000e+00   4.4368993e+00   1.3772059e+01   6.9319721e+00
   5.4385535e+00   1.1415466e+01   5.8717743e+00   9.2524211e+00   8.2089269e+00   5.3008768e+00   7.6043352e+00   7.5114809e+00   7.7505944e+00   1.1441999e+01   1.1311624e+01   0.0000000e+00   0.0000000e+00   7.8864948e+00   7.8681911e+00   0.0000000e+00   0.0000000e+00   5.9429860e+00   0.0000000e+00   0.0000000e+00   8.1020932e+00   4.7392227e+00   7.7297730e+00   8.1859952e+00   1.0978539e+01   9.5852821e+00   6.2537168e+00   1.0247493e+01   6.2142976e+00   6.9779387e+00   9.2669054e+00   9.2880688e+00   6.2731770e+00   1.0464329e+01   6.7296587e+00   0.0000000e+00   0.0000000e+00   6.7946744e+00   0.0000000e+00   0.0000000e+00   4.4368993e+00   0.0000000e+00   5.1921059e+00   7.7030902e+00
   0.0000000e+00   0.0000000e+00   5.1083513e+00   0.0000000e+00   0.0000000e+00   6.7275013e+00   0.0000000e+00   0.0000000e+00   6.5767311e+00   0.0000000e+00   0.0000000e+00   5.1465855e+00   7.2584681e+00   0.0000000e+00   0.0000000e+00   6.7325999e+00   8.9766490e+00   0.0000000e+00   8.5513982e+00   8.7445631e+00   0.0000000e+00   5.8103665e+00   0.0000000e+00   4.4049704e+00   0.0000000e+00   0.0000000e+00   5.2428644e+00   0.0000000e+00   0.0000000e+00   9.0930808e+00   0.0000000e+00   4.8381349e+00   5.9148107e+00   0.0000000e+00   4.4930201e+00   8.3480244e+00   6.7027524e+00   0.0000000e+00   1.1115856e+01   8.4617228e+00   1.3772059e+01   5.1921059e+00   0.0000000e+00   9.7490152e+00
   5.5452168e+00   6.0880748e+00   6.8787229e+00   6.3536244e+00   4.7580696e+00   7.5769921e+00   5.1118808e+00   5.8346701e+00   9.7732750e+00   7.7520553e+00   7.8661853e+00   0.0000000e+00   7.0323663e+00   6.7139613e+00   4.9036422e+00   0.0000000e+00   4.6240533e+00   0.0000000e+00   5.9332187e+00   5.2084182e+00   0.0000000e+00   7.8353726e+00   5.7418124e+00   6.5899621e+00   4.7264209e+00   5.5028627e+00   6.4353858e+00   5.6155450e+00   6.8613842e+00   8.9576034e+00   5.5485461e+00   6.8568771e+00   7.8324248e+00   4.7273705e+00   6.4432540e+00   5.7256494e+00   0.0000000e+00   0.0000000e+00   9.3239357e+00   5.5177255e+00   6.9319721e+00   7.7030902e+00   9.7490152e+00   0.0000000e+00
